6834121
5723451
2022/104023
2148684
2294186
2022/103960
1366407
1540449
5213250
1750165
1412754
5213248
1750175
1750173
5256560
1306003
1362713
1750177
1750176
154443
1375862
1377449
1366406
5290065
1202597
1205795
5255813
123306
123305
123303
268439
07434/2022
4932335
3431066
2601682
2601683
3605814
3284650
3284651
3362410
4253654
BT/T/2018/9115
292701
KH/T/2018/79985
KH/T/2018/79986
48770
194003
194002
3431065
3284649
41263
41264
118878
118879
123109
417893
3957501
3243220
3013906
BT/T/2018/9119
BT/T/2018/9116
197995
2018/4369
2018/003607
TM122653
TM122654
2782608
1982011
119598
122854
2456112
2294183
2018/003608
291423
3362409
3619244
1982014
1982010
1982015
1982008
2119656
2119657
2978654
148886
148884
2908777
3036505
3061526
3061527
3013905
2816606
Caution notice
2790634
2781130
2755025
2755024
2731973
2752991
2752990
2752992
2743182
2743181
2720833
2720831
2720830
2720829
2720828
2720832
2720834
2720827
2978648
2978649
1584043
1202593
3289088
3289085
3289081
2403257
3289082
3214601
3214602
2813593
2348827
43364
2015/055710
133254
5999
7373
6000
5998
1982012
2907775
3089418
3089417
2573451
3051948
2908775
2908776
1589472
2813589
2813591
2813592
2813590
2482280
2482283
2978655
2978656
2978650
2978657
2978651
2978658
2978652
2978653
2978659
252950
2482282
2460857
2316841
2316840
2427941
2170113
2170114
2413523
2316890
2127022
1437016471
2755023
2352532
2352533
2411586
2352534
2208142
2782607
2784397
2267392
2784396
2784395
2784398
1437016482
2118028
2137143
2208145
2292620
2014/055003
2014/055004
2014/055001
2014/054997
2014/055000
2014/055002
2014/054998
2014/054999
2014/05506
55005
2014/55007
2316864
113969
2456108
2403272
2403260
2482281
2403261
2403267
2403264
2403265
2403263
2403259
2403258
2460858
2316872
167912
2354165
2354164
2354163
2403273
2431672
2431673
2403262
2411587
1690055
26698
30969
2015/057625
2008/030966
2316863
2316866
2316868
2316870
2316869
2292397
2294185
2316861
2316867
2248520
2014/054171
2014/054165
2014/054167
54168
2316871
54166
2014/054573
2014/054572
2014/054169
2014/054172
2014/054163
2014/054164
2014/054170
2352531
166117
2315427
2315428
2294191
2310880
2294188
2294189
2250845
2250846
2250844
2226554
2248521
2252877
2252879
2278301
2252878
2118029
2118030
2248873
2248853
2248799
2118040
2118036
2118032
2118037
2118034
2111040
2119660
2118027
2065228
2013179
1963703
2316862
2208143
2404118
123302
2278302
2150118
160030
160046
159961
159962
159929
159861
159926
159914
159910
159911
159893
159891
159892
159860
159854
159853
159853
159855
159829
159788
2118035
159794
159797
159799
159798
159795
2208144
159803
159775
159749
159743
159741
2431674
2460859
2456110
159580
159579
159529
159525
159480
159477
159478
2427938
159073
159072
2427937
2248519
2427939
2427940
2431671
159000
158959
158962
158961
158958
158929
158914
2292396
2292399
2292395
2731974
2731972
1589468
2315793
2316891
2316846
2294184
2248446
2118026
44168
41621
41622
2008/044165
2008/044167
2008/044166
2008/041282
2213335
2119659
1790746
2354161
2357324
2354158
2354157
2354159
2354160
2354162
47290
47274
47312
47292
47284
47289
2008/047293
47294
47271
2008/047295
47296
47276
47275
47310
47283
47297
47303
47270
2008/047307
2008/047301
2008/047285
2008/047299
2008/047302
2008/047298
47286
47269
2008/047311
2008/047287
2008/047273
2008/047308
2008/047309
2008/047272
2008/047300
2008/047304
2008/047288
2008/047305
2008/041280
2008/041283
2008/041281
2008/044803
2008/044802
2008/044801
2008/044797
2008/044799
2008/044800
44798
2008/044795
2008/044796
2315429
2315430
2118039
1982007
2118038
2118033
2150117
2262216
1982009
43945
43946
43944
43942
43941
43943
2008/043939
2008/043936
43937
2008/043938
43940
2294187
2294190
2278304
2278303
1982013
2248683
221288
1963702
1961015
123301
149536
149538
116966
2008/041617
76678
265801
248017
139885
139840
123304
111636
146459
146451
146452
145057
1961013
1961014
144671
144627
144668
144664
144666
144667
144676
144674
144677
144675
144559
144600
144601
144602
144544
144542
144531
144530
144552
144532
2015391
38266
38265
1978811
142283
142282
142045
142044
142038
142046
141962
141959
141924
141923
141925
2005489
141889
141845
141847
141862
141844
141850
1989760
1989758
141356
141193
141130
141131
1961012
1961011
140003
140005
139998
139997
140007
139884
139866
139867
139837
139838
139820
139270
139260
146458
113919
7155
56474
56471
6901
6900
6898
4411
4410
4416
4403
135856
4413
4402
4399
4398
4401
4412
4407
135854
4402
4409
2148683
135282
75675
135175
135138
1887467
95003810
1798046
1798045
1750159
1750164
133354
133353
1750169
1750171
1750163
1750172
124315
124313
1751128
132004
131890
131893
131896
131889
131894
131860
134044
129335
1660064
1690073
1627315
1690071
1596473
1690070
1690064
1690063
1690067
1690066
1690065
1599181
1605962
1696776
1605965
1696777
107202
107199
107200
1605961
1606232
1605954
1605958
1605955
1605953
1605952
1605956
1660063
1647929
1619011
1619010
1605960
1589470
1589469
1652474
1589467
1589471
1627316
1627314
1667176
1605959
1627311
1605963
1605957
1627312
56583
TM 75680
56472
56585
TM75678
56584
1584466
1584464
1584462
1584465
1584478
1584460
1584473
1584471
1584476
1584474
1228343
1419692
1503657
124317
BT/T/2008/7330
BT/T/2008/7332
BT/T/2008/7328
1551111
1548304
1548004
1513919
1524187
1524186
1520776
1540448
686695
1524190
1524191
1540445
1540446
1540451
1540452
1540447
1420059
26703
26701
1513922
1513921
1513920
2007/030466
1501686
1513927
2007/030082
2007/030083
1362712
3011539
26207
1501687
1501108
1512404
1501688
1377450
1501685
1501684
1503649
53644/2008
1503660
1503653
1503652
1503650
1503654

1667177
1503656
1412755
1419696
1420061
1471139
1471138
1407462
1412761
1420062
1419699
1420060
1419698
1357097
1377448
1357096
1405030
1366408
1228342
1228354
1605966
1373291
1373292
1572133
1027/2063/05/18
1249042
113964
113970
113968
113965
113975
113976
113966
113967
1377453
1377452
1314770
756821
1228357
1362710
1366409
1357095
1357094
1377451
1273470
1273477
1373915
1366410
1373914
1373916
1373917
1489582
1357093
3011542
1253310
98604
BT/T/2006/6406
1202606
1284728
1228361
1253294
1273480
1273467
1202594
1202598
1202599
1202596
1202595
1202602
1202601
1249044
1253295
1253301
1253312
1253303
1253308
1253309
1253299
1253296
1253311
1253293
1273475
1228334
1253302
1228356
1253306
1273466
1253292
1273473
1273471
1253284
1253274
1253319
1253285
1253290
1253318
1228333
1202603
1228340
1228360
1228358
1202605
1228336
1202604
1203293
1405031
1274843
1274842
1314771
1228344
1252280
1228348
1306005
1228350
1305999
1228352
1228351
1273472
1273469
1273479
1253300
1297675
1297672
1273474
1273468
1284723
1284727
1306553
1284722
1284729
1284726
1284723
1284725
1253307
23408
1273478
1273465
1228335
1228346
1203294
1253287
1253276
1253283
1253305
1228339
1253277
1253279
1253281
1253282
1228349
1253286
1228338
1228341
1253316
1253278
1253315
1253317
1228345
1253298
1253289
1253288
1253304
1253291
1253275
1228347
1273476
1228353
1253297
23409
4284337
UK00904284337
4200304696
IDM000394315
97018097
T9503936B
97018094
T9713071E
T9503937J
641989
75156
671353
M/096401
418177
485810
479838
T715202ID
T7152020F
M/057086
M/057085
M/030649
22674
22673
M/030648
T5824024F
T5824023H
366643
15811
15812
166260
166259
86942
1314772
1627313
268438
1487688
47306
2292398
2403266
2316865
265799
265800
2118031
2460860
5119720
5119721
3763261
4698070
2148685
Caution Notice
5273979
5273980
1253313
1362714
4253655
122491
122492
1419694
2119655
2124490
2119658
148887
265797
2910779
2790633
2790632
2790631
2065227
5997
2369390
2105702
